0 0.531418 0.055372 0.002404 0.026474
0 0.440863 0.148029 0.002404 0.030084
0 0.439861 0.234971 0.002805 0.028279
0 0.529415 0.310781 0.003206 0.031889
0 0.439060 0.321010 0.002805 0.028279
0 0.531218 0.137801 0.002805 0.031287
0 0.438058 0.407951 0.002404 0.028880
0 0.528213 0.396820 0.002404 0.031889
0 0.527211 0.484364 0.002805 0.031287
0 0.436856 0.494592 0.001603 0.028880
0 0.526210 0.571606 0.002404 0.032490
0 0.436255 0.582135 0.002805 0.029482
0 0.525408 0.659149 0.002404 0.031889
0 0.435453 0.669077 0.002805 0.030084
0 0.524406 0.745489 0.002003 0.032490
0 0.434452 0.757222 0.002404 0.030685
0 0.523605 0.832130 0.002003 0.032490
0 0.434051 0.844464 0.003206 0.031889
0 0.522804 0.918771 0.002003 0.030084
0 0.433450 0.930202 0.002805 0.030084
0 0.522002 0.993378 0.002003 0.013237
1 0.422099 0.002357 0.411761 0.999750 0.433729 1.001690 0.438898 0.275961 0.442775 0.091618 0.442775 0.008179 0.442775 -0.001524
1 0.441483 0.002357 0.462159 0.002357 0.459575 1.001690 0.432437 1.003630 0.436314 0.394329
1 0.508681 0.002357 0.499635 1.001690 0.522895 1.003630 0.529357 0.182819 0.531941 0.081916 0.530649 0.002357
1 0.528064 0.002357 0.557786 0.004298 0.543572 1.003630 0.521603 1.001690
2 0.464744 0.000417 0.507388 0.002357 0.495758 0.997809 0.459575 0.995869