0 0.443573 0.011864 0.003434 0.024640
0 0.530962 0.007566 0.002671 0.016045
0 0.442428 0.091227 0.002671 0.029797
0 0.441665 0.175748 0.002671 0.030370
0 0.530962 0.165720 0.003434 0.029797
0 0.440902 0.261415 0.003434 0.028651
0 0.530580 0.251960 0.002671 0.031516
0 0.530198 0.337340 0.002671 0.031516
0 0.440139 0.347081 0.002671 0.029224
0 0.439185 0.433894 0.003053 0.032089
0 0.530008 0.423293 0.003053 0.032662
0 0.529244 0.510679 0.003053 0.030943
0 0.528863 0.597778 0.002290 0.030943
0 0.528481 0.685737 0.003053 0.031516
0 0.438803 0.520993 0.002290 0.034381
0 0.527718 0.771976 0.003816 0.030943
0 0.527336 0.857643 0.003053 0.030370
0 0.436895 0.868244 0.004579 0.033235
0 0.436132 0.951332 0.004579 0.036673
1 0.436314 0.997809 0.444067 0.002357 0.422099 0.000417 0.416930 0.997809
1 0.436314 0.997809 0.459575 1.001690 0.464744 0.000417 0.442775 0.000417
1 0.500927 0.997809 0.526772 0.997809 0.530649 0.002357 0.507388 0.000417
1 0.526772 1.001690 0.547448 1.001690 0.552617 -0.001524 0.529357 -0.003464
2 0.466036 0.000417 0.507388 0.002357 0.503511 0.997809 0.460867 0.997809