0 0.533814 0.013816 0.004603 0.030716
0 0.533558 0.095598 0.004091 0.034556
0 0.531768 0.181603 0.003580 0.031484
0 0.441252 0.189666 0.004603 0.032252
0 0.440485 0.277207 0.003068 0.030716
0 0.529211 0.352845 0.001534 0.033020
0 0.439206 0.360525 0.001534 0.026877
0 0.528188 0.439235 0.002557 0.030716
0 0.437928 0.449217 0.003068 0.029180
0 0.436394 0.538678 0.002046 0.033020
0 0.527246 0.527111 0.001898 0.032579
0 0.526026 0.613649 0.001627 0.030543
0 0.435987 0.624440 0.002712 0.030135
0 0.524806 0.700797 0.002441 0.031357
0 0.434902 0.711181 0.002170 0.029321
0 0.523585 0.787538 0.003254 0.031357
0 0.522772 0.873668 0.003254 0.031764
0 0.432868 0.884664 0.002983 0.030135
0 0.433682 0.798533 0.002441 0.031357
0 0.431919 0.971405 0.002712 0.028506
0 0.520873 0.960002 0.002170 0.030135
1 0.424684 0.002357 0.414345 0.646587 0.410469 0.995869 0.431145 0.997809 0.431145 0.821228 0.435022 0.697039 0.435022 0.600016 0.436314 0.512696 0.440191 0.411793 0.440191 0.334175 0.438898 0.246854 0.444067 0.147891 0.444067 0.000417
1 0.444067 -0.001524 0.467328 0.002357 0.454406 0.885263 0.454406 1.003630 0.429853 1.003630 0.433729 0.700920 0.436314 0.534041 0.440191 0.336115 0.441483 0.151772
1 0.511265 0.002357 0.498342 0.999750 0.521603 1.001690 0.520311 0.844513 0.522895 0.755253 0.524188 0.662111 0.524188 0.567029 0.528064 0.489411 0.528064 0.409852 0.529357 0.326413 0.531941 0.241033 0.531941 0.147891 0.534526 0.076094 0.534526 -0.001524
1 0.533234 -0.001524 0.555202 -0.001524 0.548741 0.586433 0.544864 0.766895 0.546156 0.875561 0.543572 1.001690 0.517726 0.995869 0.524188 0.677635 0.526772 0.489411 0.529357 0.353579 0.534526 0.105201
2 0.468620 0.000417 0.509973 0.000417 0.497050 0.991988 0.454406 0.995869