0 0.445666 0.018132 0.004351 0.029868
0 0.444422 0.100737 0.004351 0.030802
0 0.533000 0.093270 0.004973 0.030802
0 0.533933 0.012998 0.005594 0.027068
0 0.443490 0.185675 0.004973 0.032669
0 0.441936 0.271081 0.004351 0.031735
0 0.531757 0.263147 0.003730 0.030802
0 0.530825 0.347619 0.005594 0.033602
0 0.441314 0.356953 0.004351 0.031735
0 0.439760 0.442358 0.004973 0.032669
0 0.529582 0.433024 0.004351 0.034535
0 0.529892 0.518896 0.004973 0.034535
0 0.438828 0.529163 0.004351 0.032669
0 0.438206 0.615035 0.004351 0.034535
0 0.528338 0.607101 0.003108 0.033602
0 0.527095 0.693440 0.004351 0.028935
0 0.526784 0.780245 0.004973 0.032669
0 0.525541 0.865184 0.004973 0.030802
0 0.524609 0.953856 0.004351 0.032669
0 0.435098 0.960390 0.004351 0.034535
1 0.423391 -0.001524 0.416930 0.995869 0.437606 1.001690 0.444067 0.122665 0.445360 -0.003464
1 0.445360 -0.001524 0.464744 -0.001524 0.458282 0.991988 0.438898 1.001690
1 0.512557 0.000417 0.500927 1.003630 0.522895 1.001690 0.529357 0.502994 0.530649 0.209986 0.531941 0.046988 0.533234 0.000417
1 0.531941 0.000417 0.553910 0.000417 0.546156 1.007511 0.521603 1.005571 0.528064 0.295366 0.530649 0.190581 0.533234 0.052809
2 0.468620 0.002357 0.509973 0.002357 0.499635 0.997809 0.459575 1.001690 0.464744 0.316710