0 0.455031 0.016530 0.002805 0.028279
0 0.544185 0.012619 0.003206 0.026474
0 0.541981 0.092942 0.002003 0.034295
0 0.452227 0.098959 0.003606 0.029482
0 0.539977 0.178380 0.002805 0.030685
0 0.449822 0.184096 0.002805 0.031287
0 0.536572 0.262614 0.004808 0.033092
0 0.534568 0.350157 0.003206 0.033694
0 0.532164 0.437099 0.004007 0.036702
0 0.530161 0.524040 0.003206 0.032490
0 0.438804 0.528252 0.004007 0.032490
0 0.435798 0.614291 0.003606 0.025270
0 0.524150 0.697623 0.002404 0.031889
0 0.433595 0.703339 0.002404 0.028880
0 0.430589 0.790581 0.003606 0.030084
0 0.521546 0.785166 0.002805 0.031287
0 0.518741 0.869701 0.002805 0.030685
0 0.428786 0.877222 0.003206 0.032490
0 0.516136 0.955138 0.004007 0.031889
0 0.426382 0.961456 0.004007 0.030084
1 0.433729 0.000417 0.404007 0.997809 0.427268 0.997809 0.438898 0.510756 0.451821 0.112963 0.454406 0.000417
1 0.454406 0.000417 0.473789 0.002357 0.447944 0.997809 0.424684 0.999750
1 0.520311 0.000417 0.489297 0.997809 0.515142 0.999750 0.524188 0.761074 0.530649 0.504934 0.531941 0.417614 0.534526 0.330294 0.537110 0.242973 0.539695 0.153713 0.543572 0.052809 0.543572 -0.001524
1 0.544864 -0.001524 0.562956 0.002357 0.537110 0.997809 0.512557 1.001690 0.521603 0.730027 0.526772 0.578671
2 0.477666 0.000417 0.519019 0.002357 0.491881 0.997809 0.450529 1.001690