0 0.533665 0.064138 0.003068 0.031484
0 0.444683 0.073353 0.002046 0.029948
0 0.443404 0.156287 0.003580 0.031484
0 0.533154 0.148992 0.003068 0.032252
0 0.532387 0.233461 0.002557 0.032252
0 0.442382 0.243060 0.003580 0.029948
0 0.531620 0.320618 0.003068 0.033020
0 0.531108 0.405471 0.004091 0.032252
0 0.529737 0.491886 0.003263 0.033322
0 0.529085 0.578621 0.003263 0.034302
0 0.528432 0.665847 0.003263 0.034302
0 0.437383 0.676627 0.003916 0.034302
0 0.436730 0.763363 0.003916 0.031362
0 0.526148 0.840787 0.003916 0.035282
0 0.435751 0.849118 0.003263 0.024501
0 0.525169 0.927033 0.003263 0.037242
0 0.435099 0.936343 0.003263 0.030382
1 0.419514 0.006238 0.411761 0.991988 0.435022 0.999750 0.437606 0.660170 0.441483 0.227450 0.442922 0.139928 0.444361 0.059970 0.443030 -0.003327
1 0.442494 -0.000405 0.466477 -0.000405 0.457756 0.999790 0.433772 1.001427
1 0.511174 -0.000405 0.501362 0.996516 0.524256 0.999790 0.525346 0.911393 0.525346 0.826270 0.528617 0.647839 0.527526 0.561079 0.529707 0.474319 0.534067 0.002869
1 0.530797 0.001232 0.554780 0.001232 0.544969 1.001427 0.525346 0.998153
2 0.469913 0.000417 0.511265 0.000417 0.500927 0.997809 0.458282 0.997809 0.466036 0.345817