0 0.443105 0.055611 0.009046 0.038809
0 0.440520 0.134199 0.006461 0.036869
0 0.440520 0.225400 0.009046 0.032988
0 0.439874 0.309810 0.010338 0.034928
0 0.439874 0.397130 0.010338 0.042690
0 0.438582 0.482510 0.010338 0.038809
0 0.437936 0.566920 0.009046 0.036869
0 0.437936 0.653270 0.009046 0.038809
0 0.437936 0.740590 0.009046 0.034928
0 0.437289 0.827911 0.010338 0.038809
0 0.436643 0.913291 0.009046 0.038809
0 0.526457 0.904559 0.010338 0.032988
0 0.525811 0.984117 0.009046 0.032988
0 0.526457 0.819179 0.010338 0.036869
0 0.526457 0.732829 0.010338 0.031047
0 0.528395 0.648419 0.011631 0.032988
0 0.528395 0.475719 0.011631 0.032988
0 0.528395 0.386458 0.009046 0.029107
0 0.527749 0.295257 0.012923 0.040749
0 0.529688 0.215698 0.011631 0.044630
0 0.528395 0.125467 0.006461 0.019405
0 0.529688 0.047849 0.011631 0.042690
1 0.420807 0.000417 0.415638 0.995869 0.436314 0.997809 0.436314 0.811526 0.436314 0.726146 0.436314 0.636885 0.438898 0.553446 0.437606 0.466125 0.440191 0.380745 0.440191 0.301187 0.440191 0.215807 0.441483 0.118784 0.442775 0.035345 0.444067 0.004298
1 0.444067 0.000417 0.464744 0.002357 0.458282 1.003630 0.435022 1.001690 0.441483 0.248795
1 0.507388 0.000417 0.502219 0.997809 0.526772 0.999750 0.529357 0.462244 0.528064 0.275961 0.528064 0.202224 0.528064 0.111023 0.528064 0.027583 0.530649 0.000417
1 0.529357 0.002357 0.548741 -0.001524 0.547448 1.001690 0.528064 1.003630 0.528064 0.462244 0.528064 0.182819
2 0.467328 0.002357 0.504804 0.004298 0.499635 1.003630 0.462159 1.001690