0 0.439751 0.032209 0.002003 0.030084
0 0.528504 0.022582 0.002404 0.030084
0 0.438549 0.114939 0.002805 0.027075
0 0.527702 0.105913 0.002404 0.028279
0 0.526701 0.189847 0.002003 0.028880
0 0.437547 0.201880 0.002404 0.030084
0 0.525498 0.276187 0.002805 0.031889
0 0.436145 0.286716 0.002003 0.028880
0 0.525098 0.361925 0.002003 0.030084
0 0.435143 0.373657 0.003206 0.029482
0 0.523896 0.449769 0.002805 0.030084
0 0.434342 0.460900 0.002404 0.030685
0 0.433140 0.547541 0.002404 0.029482
0 0.523094 0.535808 0.002805 0.028880
0 0.432338 0.635084 0.002404 0.028880
0 0.522493 0.624254 0.002404 0.030084
0 0.521692 0.709992 0.002404 0.031889
0 0.431537 0.722627 0.001603 0.029482
0 0.430936 0.809569 0.002003 0.028880
0 0.520891 0.797535 0.002404 0.031287
0 0.430335 0.895307 0.002404 0.030685
0 0.520089 0.883574 0.002404 0.032490
0 0.429533 0.981647 0.002404 0.030084
1 0.419514 0.002357 0.405300 0.995869 0.431145 0.997809 0.429853 0.772717 0.431145 0.601957 0.433729 0.510756 0.433729 0.421495 0.435022 0.338055 0.436314 0.266259 0.437606 0.175058 0.438898 0.076094 0.441483 -0.003464
1 0.436314 0.000417 0.463451 0.000417 0.454406 1.001690 0.431145 0.999750 0.428560 0.898846 0.428560 0.778538 0.432437 0.687337 0.431145 0.565088 0.432437 0.415674 0.435022 0.297306 0.437606 0.151772 0.436314 0.064452
1 0.503511 0.002357 0.494466 0.995869 0.517726 1.001690 0.520311 0.844513 0.521603 0.763014 0.521603 0.660170 0.521603 0.586433 0.521603 0.487470 0.521603 0.419554 0.526772 0.316710 0.525480 0.239092 0.528064 0.155653 0.528064 0.091618 0.528064 -0.001524
1 0.528064 0.000417 0.548741 0.000417 0.540987 0.999750 0.520311 1.001690 0.522895 0.823168 0.520311 0.667932 0.520311 0.535982 0.521603 0.473887 0.525480 0.359400 0.525480 0.275961 0.526772 0.184760 0.526772 0.109082
2 0.462159 0.000417 0.502219 0.004298 0.497050 0.999750 0.455698 0.999750