0 0.442775 0.045047 0.007754 0.031047
0 0.442129 0.126546 0.006461 0.038809
0 0.440837 0.211926 0.006461 0.034928
0 0.439545 0.295366 0.006461 0.031047
0 0.438898 0.382686 0.007754 0.034928
0 0.438898 0.468066 0.007754 0.031047
0 0.437606 0.555386 0.007754 0.034928
0 0.437606 0.640766 0.005169 0.038809
0 0.436960 0.727116 0.006461 0.040749
0 0.436314 0.816377 0.005169 0.029107
0 0.437606 0.904667 0.007754 0.034928
0 0.527418 0.892054 0.006461 0.036869
0 0.525480 0.973553 0.007754 0.032988
0 0.527418 0.801823 0.006461 0.038809
0 0.527418 0.717414 0.009046 0.029107
0 0.528064 0.632034 0.007754 0.032988
0 0.528064 0.544714 0.005169 0.032988
0 0.528711 0.376865 0.006461 0.034928
0 0.530003 0.287604 0.006461 0.031047
0 0.529357 0.204164 0.007754 0.031047
0 0.530003 0.121695 0.006461 0.029107
0 0.531295 0.028553 0.006461 0.025226
1 0.420807 0.002357 0.416930 0.999750 0.437606 0.993928 0.442775 0.002357
1 0.442775 0.000417 0.466036 0.000417 0.460867 0.999750 0.437606 1.001690
1 0.508681 -0.001524 0.503511 0.997809 0.525480 0.999750 0.530649 0.254616 0.531941 0.004298
1 0.529357 0.002357 0.551325 0.004298 0.547448 0.999750 0.524188 1.001690 0.526772 0.435078 0.529357 0.153713
2 0.471205 0.008179 0.469913 -0.001524 0.506096 0.000417 0.502219 0.561207 0.500927 0.885263 0.502219 0.999750 0.462159 0.999750 0.466036 0.454483 0.467328 0.225509 0.466036 0.103261