0 0.530006 0.030145 0.001570 0.029228
0 0.440687 0.037452 0.002512 0.024043
0 0.528750 0.114059 0.002198 0.029228
0 0.439274 0.123251 0.001570 0.026871
0 0.527651 0.198915 0.001884 0.031114
0 0.438175 0.208579 0.002512 0.024986
0 0.526866 0.284479 0.001570 0.030643
0 0.436920 0.295322 0.001884 0.029700
0 0.525453 0.370985 0.001884 0.032057
0 0.435664 0.382064 0.002512 0.030643
0 0.524355 0.457728 0.002198 0.030171
0 0.434565 0.469278 0.001570 0.029700
0 0.523884 0.543999 0.001256 0.030171
0 0.433780 0.556256 0.001884 0.028286
0 0.522628 0.632155 0.001884 0.030171
0 0.432367 0.643705 0.002198 0.029700
0 0.521686 0.719369 0.001256 0.031114
0 0.431268 0.730919 0.002512 0.027814
0 0.520901 0.806818 0.001570 0.030643
0 0.430641 0.818133 0.001884 0.028757
0 0.519645 0.892854 0.002198 0.031114
0 0.429385 0.904404 0.001884 0.028757
0 0.518704 0.978182 0.002198 0.029228
0 0.429071 0.987374 0.001884 0.023100
1 0.420807 0.006238 0.406592 0.995869 0.429853 1.001690 0.441483 0.002357
1 0.440191 0.004298 0.466036 0.004298 0.450529 0.999750 0.424684 1.001690 0.428560 0.995869 0.429853 0.887203 0.432437 0.702860 0.433729 0.497173 0.435022 0.376865 0.436314 0.279842 0.438898 0.175058 0.440191 0.066392
1 0.508681 0.000417 0.494466 0.997809 0.517726 0.999750 0.519019 0.875561 0.520311 0.792121 0.521603 0.700920 0.521603 0.603897 0.524188 0.522398 0.524188 0.442840 0.526772 0.347758 0.526772 0.258497 0.528064 0.178938 0.526772 0.093559 0.530649 0.039226 0.528064 0.006238
1 0.529357 0.004298 0.550033 0.004298 0.542279 1.001690 0.515142 0.999750 0.520311 0.813466 0.521603 0.716444 0.521603 0.615540 0.522895 0.549565 0.522895 0.468066 0.525480 0.400150 0.525480 0.328353 0.526772 0.246854 0.528064 0.186700 0.526772 0.122665
2 0.464744 0.006238 0.507388 0.004298 0.494466 0.993928 0.453113 0.995869