0 0.441666 0.008096 0.002544 0.016918
0 0.529981 0.077404 0.003271 0.030015
0 0.440576 0.084226 0.001090 0.024012
0 0.528528 0.161720 0.001817 0.029470
0 0.439304 0.170725 0.002181 0.028924
0 0.527801 0.246036 0.001817 0.028924
0 0.438032 0.257224 0.001817 0.028378
0 0.436760 0.342904 0.002181 0.029470
0 0.526347 0.332535 0.002544 0.030561
0 0.525257 0.419307 0.001817 0.031653
0 0.435669 0.429949 0.001454 0.030015
0 0.434397 0.517812 0.001817 0.030015
0 0.524166 0.505260 0.001817 0.030015
0 0.523258 0.592577 0.002181 0.032198
0 0.433125 0.604038 0.002181 0.028924
0 0.431672 0.691628 0.002181 0.028378
0 0.522531 0.680441 0.001454 0.033290
0 0.521622 0.767485 0.001817 0.029470
0 0.431127 0.779218 0.001817 0.028924
0 0.520350 0.853984 0.002181 0.030015
0 0.430400 0.865717 0.001817 0.029470
0 0.518896 0.939664 0.002181 0.031107
0 0.429309 0.951943 0.002544 0.027287
1 0.420807 0.000417 0.407884 0.999750 0.429853 1.001690 0.431145 0.648528 0.435022 0.487470 0.435022 0.392388 0.435022 0.310889 0.437606 0.231331 0.441483 0.130427 0.440191 0.058630 0.441483 0.004298
1 0.440191 0.002357 0.464744 0.002357 0.453113 0.995869 0.429853 0.999750 0.433729 0.528220 0.436314 0.355520 0.436314 0.221628 0.438898 0.089678
1 0.507388 0.002357 0.494466 1.001690 0.515142 1.001690 0.521603 0.739729 0.521603 0.555386 0.525480 0.477768 0.528064 0.378805 0.526772 0.297306 0.526772 0.200283 0.529357 0.124606 0.530649 0.037285 0.534526 0.000417
1 0.530649 -0.001524 0.552617 0.000417 0.540987 0.999750 0.515142 0.997809 0.521603 0.712563 0.522895 0.508815 0.526772 0.355520 0.526772 0.274021 0.528064 0.178938 0.528064 0.066392
2 0.466036 0.002357 0.507388 0.002357 0.494466 1.001690 0.453113 1.001690