0 0.437717 0.052556 0.001683 0.029061
0 0.526279 0.041185 0.002104 0.029061
0 0.525648 0.124576 0.001683 0.029061
0 0.436665 0.137211 0.002104 0.027797
0 0.435824 0.221867 0.002104 0.031588
0 0.525438 0.209231 0.002104 0.031588
0 0.435193 0.308101 0.001683 0.030956
0 0.525017 0.382332 0.002104 0.032851
0 0.524807 0.294834 0.003366 0.029693
0 0.434562 0.395599 0.002104 0.026534
0 0.523545 0.469515 0.002524 0.029061
0 0.434141 0.482466 0.002104 0.028429
0 0.432668 0.568384 0.001683 0.028429
0 0.523545 0.556381 0.002524 0.030956
0 0.523124 0.644827 0.002524 0.029693
0 0.432879 0.657462 0.002104 0.028429
0 0.432458 0.744012 0.002104 0.029693
0 0.431827 0.829299 0.002524 0.028429
0 0.431617 0.917745 0.002104 0.028429
0 0.431196 0.992924 0.002945 0.012003
1 0.414345 -0.001524 0.410469 0.999750 0.432437 0.999750 0.433729 0.563148 0.435022 0.339996 0.435022 0.198343 0.437606 0.101320 0.440191 0.000417
1 0.440191 0.000417 0.458282 0.000417 0.458282 0.479708 0.458282 0.592255 0.458282 0.689277 0.454406 0.774657 0.454406 0.848394 0.454406 0.900786 0.454406 0.927953 0.455698 1.001690 0.435022 1.001690 0.433729 0.650468 0.433729 0.473887 0.437606 0.107142
1 0.502219 0.002357 0.497050 0.997809 0.517726 0.997809 0.525480 0.598076 0.522895 0.508815 0.524188 0.398209 0.525480 0.326413 0.520311 0.258497 0.526772 0.184760 0.525480 0.091618 0.524188 0.000417
1 0.528064 0.000417 0.550033 0.000417 0.544864 0.341936 0.544864 0.514637 0.544864 0.634945 0.544864 0.724205 0.544864 0.803764 0.544864 0.891084 0.544864 0.999750 0.516434 0.993928 0.521603 0.817347 0.524188 0.644647 0.524188 0.471947 0.524188 0.343877 0.524188 0.213867 0.525480 0.041166
2 0.459575 0.002357 0.502219 0.000417 0.495758 0.997809 0.455698 0.997809