0 0.438320 0.008980 0.001898 0.018733
0 0.437642 0.088391 0.002170 0.027692
0 0.436828 0.173300 0.002170 0.028914
0 0.525782 0.160268 0.002170 0.028914
0 0.526189 0.004297 0.001898 0.008552
0 0.525782 0.076988 0.002712 0.029321
0 0.525511 0.245787 0.001627 0.030543
0 0.435879 0.258005 0.001898 0.028914
0 0.435201 0.344949 0.001627 0.028506
0 0.525104 0.331510 0.002441 0.030950
0 0.524833 0.417437 0.002441 0.030950
0 0.434794 0.431894 0.001898 0.029728
0 0.434252 0.518839 0.001898 0.030135
0 0.524291 0.505604 0.001898 0.032172
0 0.524291 0.592141 0.001898 0.031764
0 0.434116 0.606598 0.002170 0.029728
0 0.433438 0.693950 0.001356 0.030135
0 0.432760 0.780487 0.002170 0.028099
0 0.432760 0.867839 0.002170 0.028506
0 0.432625 0.953562 0.001356 0.028099
1 0.415638 0.002357 0.410469 0.832871 0.410469 1.001690 0.432437 1.001690 0.432437 0.836752 0.433729 0.735848 0.433729 0.662111 0.433729 0.570910 0.433729 0.493292 0.433729 0.394329 0.435022 0.308949 0.436314 0.200283 0.437606 0.134308 0.437606 0.054750 0.438898 -0.001524
1 0.440191 -0.003464 0.458282 0.000417 0.462159 0.145951 0.458282 0.223569 0.458282 0.343877 0.459575 0.460304 0.456990 0.576731 0.456990 0.662111 0.456990 0.722265 0.456990 0.796002 0.453113 0.877501 0.455698 0.929893 0.455698 0.982285 0.455698 0.995869 0.431145 0.999750 0.432437 0.805704 0.435022 0.520458 0.435022 0.336115 0.437606 0.140129 0.438898 0.033405
1 0.500927 0.006238 0.497050 0.995869 0.517726 0.995869 0.524188 0.710622 0.524188 0.563148 0.525480 0.468066 0.524188 0.376865 0.524188 0.303127 0.524188 0.194462 0.525480 0.128487 0.525480 0.050869 0.526772 0.002357
1 0.524188 0.004298 0.548741 0.002357 0.546156 0.349698 0.546156 0.477768 0.546156 0.553446 0.543572 0.640766 0.547448 0.718384 0.547448 0.790181 0.546156 0.856156 0.547448 0.916310 0.546156 0.997809 0.519019 0.997809 0.520311 0.848394 0.522895 0.693158 0.524188 0.596136 0.522895 0.487470 0.525480 0.404031 0.525480 0.332234 0.525480 0.264318 0.526772 0.144010
2 0.463451 0.000417 0.503511 -0.001524 0.498342 0.997809 0.456990 0.997809