0 0.541199 0.066477 0.003417 0.031642
0 0.538921 0.150500 0.002278 0.032925
0 0.537070 0.235592 0.001993 0.031215
0 0.534507 0.322822 0.001424 0.031215
0 0.443953 0.326884 0.002563 0.033353
0 0.441105 0.416038 0.003132 0.030359
0 0.438115 0.499847 0.002278 0.026939
0 0.436122 0.589001 0.003417 0.028221
0 0.526534 0.582800 0.003132 0.030359
0 0.523829 0.669603 0.002278 0.031215
0 0.433417 0.677513 0.001993 0.030787
0 0.520981 0.757046 0.003417 0.031642
0 0.430854 0.762819 0.001993 0.029504
0 0.518276 0.843421 0.003132 0.031642
0 0.428576 0.850262 0.003702 0.029077
0 0.515713 0.929154 0.001993 0.030359
0 0.425871 0.936637 0.002848 0.029077
1 0.432437 0.004298 0.404007 0.997809 0.427268 0.999750 0.447944 0.176998 0.453113 0.000417
1 0.451821 -0.001524 0.476374 0.000417 0.446652 0.999750 0.425976 0.999750 0.438898 0.516577
1 0.520311 0.002357 0.488004 1.001690 0.512557 1.001690 0.512557 1.001690 0.526772 0.567029 0.537110 0.239092 0.540987 0.097439 0.543572 0.000417
1 0.543572 0.000417 0.562956 0.000417 0.535818 0.999750 0.513850 0.999750 0.526772 0.590314 0.535818 0.316710
2 0.477666 0.006238 0.519019 0.002357 0.490589 1.001690 0.449236 1.001690