0 0.531427 0.007886 0.002209 0.016584
0 0.442192 0.013193 0.002209 0.025870
0 0.440425 0.096111 0.002209 0.029850
0 0.529218 0.171068 0.001325 0.028524
0 0.439541 0.178697 0.002209 0.025207
0 0.528556 0.256640 0.002651 0.031177
0 0.438216 0.267916 0.002209 0.031177
0 0.527230 0.343206 0.002651 0.031840
0 0.437111 0.353156 0.001767 0.029187
0 0.436007 0.440386 0.002209 0.028524
0 0.435124 0.527615 0.002209 0.029187
0 0.525242 0.516007 0.002209 0.031177
0 0.526347 0.429440 0.001767 0.029187
0 0.523696 0.603236 0.001767 0.031840
0 0.433798 0.614845 0.002209 0.027197
0 0.432915 0.702075 0.002209 0.029187
0 0.523034 0.691129 0.002209 0.031177
0 0.522150 0.777032 0.003092 0.030514
0 0.432031 0.791294 0.002209 0.029850
0 0.521267 0.864925 0.002209 0.029850
0 0.431369 0.876865 0.002651 0.028524
0 0.430485 0.962437 0.001767 0.028524
0 0.520383 0.949833 0.003092 0.028524
1 0.418222 0.002357 0.409176 0.995869 0.429853 0.999750 0.442775 0.000417
1 0.442775 0.000417 0.460867 0.000417 0.454406 0.995869 0.429853 0.997809
1 0.509973 0.004298 0.497050 0.995869 0.521603 1.003630 0.531941 0.004298
1 0.531941 0.002357 0.555202 0.004298 0.540987 0.999750 0.520311 1.001690 0.528064 0.262378
2 0.462159 0.000417 0.508681 0.002357 0.495758 0.997809 0.453113 0.995869