0 0.532202 0.025528 0.003271 0.031653
0 0.532202 0.108753 0.002544 0.031107
0 0.443524 0.035078 0.002544 0.028924
0 0.442797 0.119394 0.001817 0.030561
0 0.441888 0.202619 0.002907 0.030015
0 0.531657 0.193614 0.002181 0.029470
0 0.530930 0.278476 0.002907 0.028924
0 0.440980 0.288845 0.002544 0.028924
0 0.530567 0.365520 0.002907 0.030561
0 0.529840 0.451746 0.002181 0.029470
0 0.529295 0.539337 0.002544 0.032198
0 0.529295 0.626381 0.003998 0.032744
0 0.528632 0.713964 0.002435 0.032179
0 0.437556 0.723106 0.003409 0.035835
0 0.437068 0.809403 0.003409 0.032910
0 0.526440 0.885462 0.002922 0.031447
0 0.436581 0.894604 0.003409 0.026328
0 0.435851 0.980536 0.003896 0.028522
0 0.525466 0.969931 0.002922 0.029253
1 0.422099 0.002357 0.415638 1.003630 0.436314 1.003630 0.444067 0.006238 0.445360 0.000417
1 0.444067 0.004298 0.466036 0.002357 0.460867 1.001690 0.435022 1.003630
1 0.509973 0.002357 0.499635 0.999750 0.525480 0.999750 0.531941 0.000417
1 0.531941 0.002357 0.553910 0.002357 0.546156 1.001690 0.524188 0.999750
2 0.468620 0.000417 0.508681 0.002357 0.503511 0.993928 0.459575 0.999750 0.467328 0.178938