0 0.530336 0.047235 0.003816 0.030943
0 0.441231 0.056117 0.004198 0.032662
0 0.440086 0.141210 0.002671 0.027505
0 0.438750 0.226304 0.002290 0.026932
0 0.528810 0.215989 0.002290 0.029224
0 0.528047 0.303375 0.002290 0.030943
0 0.437987 0.313689 0.003053 0.029797
0 0.527284 0.388755 0.003816 0.032089
0 0.437033 0.398783 0.003434 0.029224
0 0.525757 0.475281 0.002290 0.033235
0 0.436079 0.487601 0.003053 0.031516
0 0.435125 0.575273 0.002671 0.032662
0 0.524994 0.563527 0.001526 0.030943
0 0.524231 0.650339 0.003053 0.031516
0 0.434171 0.661800 0.002290 0.029224
0 0.523467 0.738011 0.003053 0.031516
0 0.433599 0.749185 0.001908 0.030943
0 0.432454 0.835711 0.001908 0.029797
0 0.522704 0.825970 0.003053 0.035527
0 0.521941 0.910777 0.002290 0.030943
0 0.432072 0.923670 0.001908 0.029224
0 0.520987 0.990140 0.003434 0.018910
0 0.431691 0.996730 0.002671 0.006876
1 0.416930 0.004298 0.406592 0.997809 0.431145 1.003630 0.435022 0.720324 0.435022 0.530160 0.436314 0.374924 0.437606 0.258497 0.440191 0.180879 0.438898 0.112963 0.441483 0.031464 0.441483 0.000417
1 0.442775 0.006238 0.463451 0.004298 0.454406 1.001690 0.431145 1.001690 0.435022 0.568969 0.437606 0.242973
1 0.507388 0.004298 0.495758 0.997809 0.521603 0.999750 0.524188 0.646587 0.526772 0.448661 0.525480 0.351639 0.529357 0.264318 0.529357 0.173117 0.530649 0.000417
1 0.529357 0.000417 0.548741 0.000417 0.547448 0.435078 0.546156 0.671813 0.543572 0.842573 0.544864 1.001690 0.520311 0.999750 0.522895 0.662111 0.525480 0.407912 0.529357 0.144010
2 0.466036 0.004298 0.507388 0.000417 0.497050 0.999750 0.455698 0.999750