0 0.437974 0.044263 0.002198 0.028286
0 0.526508 0.031770 0.002198 0.028757
0 0.526351 0.115920 0.001884 0.031114
0 0.437346 0.127941 0.002198 0.027814
0 0.436718 0.213505 0.002198 0.031114
0 0.526037 0.199598 0.003140 0.029700
0 0.525723 0.285161 0.001884 0.029228
0 0.436090 0.298361 0.002198 0.028286
0 0.525723 0.371668 0.001884 0.030643
0 0.435619 0.384632 0.002512 0.028286
0 0.525095 0.458646 0.001884 0.030171
0 0.435148 0.473024 0.002198 0.028757
0 0.524938 0.546567 0.002198 0.030643
0 0.434677 0.559767 0.002512 0.028757
0 0.434049 0.646745 0.002512 0.027343
0 0.434049 0.734430 0.002512 0.028286
0 0.434049 0.821644 0.001884 0.029228
0 0.433422 0.907207 0.001256 0.027814
0 0.433108 0.988764 0.002512 0.017443
1 0.419514 0.008179 0.411761 0.995869 0.433729 0.995869 0.433729 0.708682 0.435022 0.530160 0.435022 0.419554 0.435022 0.324472 0.435022 0.252676 0.436314 0.192522 0.437606 0.093559 0.438898 0.015940 0.438898 0.002357
1 0.440191 0.000417 0.460867 0.000417 0.455698 0.400150 0.459575 0.499113 0.458282 0.631064 0.458282 0.730027 0.458282 0.799883 0.456990 0.869739 0.456990 0.924072 0.456990 0.991988 0.433729 0.995869 0.435022 0.799883 0.436314 0.660170 0.436314 0.543743 0.437606 0.382686 0.437606 0.250735 0.438898 0.163415 0.438898 0.076094
1 0.504804 0.002357 0.500927 0.716444 0.500927 0.861977 0.499635 0.966762 0.499635 0.993928 0.521603 0.993928 0.520311 0.799883 0.520311 0.673754 0.524188 0.568969 0.525480 0.506875 0.526772 0.429257 0.525480 0.339996 0.526772 0.258497 0.526772 0.163415 0.526772 0.085797 0.525480 0.002357
1 0.528064 0.000417 0.547448 0.000417 0.546156 0.404031 0.546156 0.524339 0.546156 0.594195 0.547448 0.673754 0.547448 0.726146 0.547448 0.788240 0.547448 0.842573 0.547448 0.893025 0.547448 0.937655 0.544864 0.993928 0.522895 0.995869 0.522895 0.840632 0.522895 0.731967 0.522895 0.644647 0.522895 0.559267 0.525480 0.481649 0.525480 0.405971 0.525480 0.293425 0.526772 0.227450 0.528064 0.153713 0.528064 0.060571
2 0.462159 0.002357 0.503511 0.002357 0.499635 0.995869 0.459575 0.997809