0 0.543950 0.035887 0.003115 0.031705
0 0.541700 0.118527 0.002769 0.031705
0 0.538585 0.204805 0.002769 0.031705
0 0.536335 0.288744 0.002423 0.032224
0 0.533220 0.376061 0.003115 0.033264
0 0.442707 0.380739 0.002769 0.034303
0 0.439592 0.467797 0.002077 0.029626
0 0.527855 0.549657 0.002077 0.032224
0 0.524913 0.637754 0.003115 0.029626
0 0.437342 0.554594 0.003115 0.026507
0 0.434400 0.643991 0.003461 0.028586
0 0.431804 0.730529 0.003115 0.032224
0 0.521971 0.723512 0.001385 0.030665
0 0.429381 0.816287 0.002423 0.031185
0 0.519029 0.809530 0.002423 0.031185
0 0.516606 0.896328 0.002423 0.032224
0 0.426439 0.903084 0.003461 0.030145
0 0.424189 0.986504 0.002423 0.026507
0 0.513491 0.981306 0.002423 0.028586
1 0.435022 0.000417 0.401423 0.997809 0.425976 0.999750 0.437606 0.555386 0.442775 0.367162 0.455698 0.002357
1 0.454406 0.000417 0.476374 0.000417 0.446652 1.003630 0.424684 0.997809 0.438898 0.446721 0.447944 0.202224
1 0.522895 0.004298 0.490589 0.995869 0.516434 0.999750 0.519019 0.784359 0.525480 0.609719 0.530649 0.466125 0.531941 0.349698 0.535818 0.254616 0.538403 0.171177 0.543572 0.085797 0.544864 -0.001524
1 0.544864 -0.001524 0.568125 0.002357 0.534526 1.003630 0.516434 1.001690 0.522895 0.712563 0.528064 0.524339 0.535818 0.277901 0.542279 0.089678
2 0.478959 0.002357 0.521603 0.002357 0.488004 0.995869 0.450529 0.999750