0 0.443920 0.053981 0.002671 0.029224
0 0.532453 0.046245 0.004198 0.032089
0 0.442966 0.138215 0.003816 0.030370
0 0.442012 0.222163 0.004961 0.030943
0 0.530927 0.215000 0.004198 0.032662
0 0.531881 0.129333 0.003053 0.030943
0 0.530736 0.299234 0.005343 0.032662
0 0.441058 0.307829 0.003816 0.030370
0 0.440295 0.394928 0.004579 0.030370
0 0.529782 0.385473 0.003434 0.030943
0 0.439531 0.481454 0.003816 0.030370
0 0.529019 0.472573 0.004198 0.032089
0 0.528637 0.558526 0.004198 0.032089
0 0.438387 0.568840 0.003816 0.030943
0 0.528446 0.645911 0.002290 0.030370
0 0.527683 0.733011 0.003053 0.029224
0 0.526729 0.819250 0.002671 0.032089
0 0.436288 0.915231 0.004198 0.033808
0 0.526157 0.906922 0.005343 0.032089
1 0.420807 0.004298 0.415638 0.995869 0.437606 0.997809 0.444067 0.000417
1 0.444067 0.002357 0.467328 0.002357 0.459575 0.999750 0.436314 0.999750
1 0.509973 0.002357 0.502219 1.001690 0.528064 0.999750 0.531941 0.000417
1 0.529357 0.000417 0.552617 0.000417 0.547448 1.001690 0.526772 1.001690 0.526772 0.631064
2 0.468620 0.002357 0.509973 0.004298 0.503511 0.993928 0.460867 0.999750