0 0.441166 0.039117 0.007754 0.036869
0 0.440520 0.119646 0.009046 0.034928
0 0.439874 0.205026 0.010338 0.031047
0 0.438582 0.287495 0.007754 0.040749
0 0.437936 0.376756 0.009046 0.040749
0 0.437936 0.461165 0.009046 0.038809
0 0.436643 0.544605 0.006461 0.034928
0 0.436643 0.629985 0.006461 0.042690
0 0.435997 0.722156 0.007754 0.040749
0 0.435997 0.804625 0.007754 0.038809
0 0.435351 0.892916 0.006461 0.040749
0 0.435351 0.976355 0.006461 0.036869
0 0.524519 0.972474 0.009046 0.032988
0 0.524519 0.887095 0.006461 0.032988
0 0.526457 0.710513 0.007754 0.032988
0 0.527103 0.626104 0.009046 0.031047
0 0.527103 0.538783 0.006461 0.034928
0 0.527749 0.454374 0.007754 0.032988
0 0.527749 0.356381 0.007754 0.027166
0 0.529042 0.196294 0.010338 0.029107
0 0.529042 0.109944 0.010338 0.034928
0 0.529688 0.028445 0.011631 0.031047
1 0.420807 -0.001524 0.415638 0.572850 0.416930 0.823168 0.414345 0.991988 0.413053 0.999750 0.435022 1.003630 0.435022 0.788240 0.436314 0.702860 0.436314 0.605838 0.436314 0.528220 0.436314 0.438959 0.437606 0.355520 0.436314 0.266259 0.438898 0.188641 0.440191 0.103261 0.441483 0.019821 0.441483 -0.001524
1 0.441483 -0.001524 0.462159 0.000417 0.462159 0.275961 0.462159 0.367162 0.459575 0.444780 0.459575 0.557327 0.458282 0.638825 0.456990 0.722265 0.456990 0.817347 0.455698 0.875561 0.456990 0.939596 0.456990 0.986166 0.456990 0.995869 0.436314 1.003630 0.437606 0.576731 0.437606 0.380745 0.438898 0.165355 0.440191 0.027583
1 0.506096 0.000417 0.503511 0.728086 0.502219 0.902727 0.500927 0.997809 0.524188 0.999750 0.522895 0.869739 0.525480 0.693158 0.525480 0.611659 0.526772 0.520458 0.525480 0.440899 0.525480 0.339996 0.529357 0.209986 0.528064 0.093559 0.529357 0.014000 0.529357 -0.003464
1 0.530649 0.000417 0.550033 0.000417 0.548741 0.491351 0.547448 0.625242 0.547448 0.757193 0.546156 0.869739 0.546156 0.949298 0.546156 1.001690 0.526772 1.001690 0.522895 0.877501 0.524188 0.695099 0.525480 0.609719 0.525480 0.499113 0.526772 0.392388 0.528064 0.256556 0.529357 0.173117 0.529357 0.081916
2 0.481543 0.500083 0.033599 0.999333