0 0.540506 0.018036 0.002960 0.032891
0 0.538730 0.099374 0.005328 0.033780
0 0.536362 0.182046 0.004144 0.032002
0 0.443714 0.275829 0.003552 0.034669
0 0.534586 0.269607 0.005328 0.031113
0 0.441346 0.366502 0.003552 0.029335
0 0.529850 0.441617 0.002960 0.033780
0 0.439570 0.449618 0.004736 0.028446
0 0.528074 0.530956 0.002960 0.034669
0 0.437202 0.538957 0.003552 0.029335
0 0.525410 0.618073 0.004736 0.034669
0 0.434834 0.624740 0.004736 0.030224
0 0.432762 0.710078 0.002960 0.028446
0 0.523338 0.707411 0.004144 0.033780
0 0.520970 0.791861 0.004144 0.032002
0 0.431282 0.800750 0.003552 0.032002
0 0.518602 0.877199 0.005328 0.032002
0 0.429210 0.887867 0.004144 0.033780
0 0.426546 0.971427 0.004736 0.030224
0 0.516530 0.965205 0.004736 0.035558
0 0.429853 0.002357 0.406592 0.997809 0.427268 1.001690 0.432437 0.731967 0.436314 0.592255 0.438898 0.409852 0.442775 0.320591 0.445360 0.180879 0.450529 0.002357
0 0.451821 0.000417 0.471205 0.000417 0.446652 0.999750 0.425976 0.999750 0.432437 0.759133 0.438898 0.413733 0.450529 0.043107
0 0.516434 0.000417 0.494466 0.995869 0.517726 0.997809 0.524188 0.665992 0.528064 0.481649 0.531941 0.351639 0.533234 0.227450 0.537110 0.136248 0.540987 0.064452 0.540987 -0.001524
0 0.542279 0.002357 0.561663 0.002357 0.539695 0.995869 0.517726 0.997809 0.528064 0.485530 0.533234 0.231331 0.540987 0.056690
0 0.471205 0.002357 0.512557 0.002357 0.491881 0.995869 0.447944 0.997809
