0 0.439228 0.053670 0.006461 0.031047
0 0.438582 0.136140 0.005169 0.032988
0 0.437936 0.222490 0.003877 0.031047
0 0.437289 0.304959 0.005169 0.032988
0 0.437289 0.393250 0.007754 0.034928
0 0.436643 0.477659 0.006461 0.029107
0 0.435351 0.564009 0.006461 0.031047
0 0.435997 0.651330 0.007754 0.031047
0 0.435351 0.736710 0.009046 0.031047
0 0.434705 0.824030 0.007754 0.038809
0 0.435351 0.908440 0.009046 0.029107
0 0.434705 0.991879 0.005169 0.025226
0 0.527103 0.044938 0.006461 0.032988
0 0.527103 0.127408 0.006461 0.034928
0 0.527103 0.211817 0.006461 0.036869
0 0.525811 0.296227 0.006461 0.031047
0 0.526457 0.382577 0.007754 0.029107
0 0.525811 0.468927 0.006461 0.031047
0 0.525811 0.547515 0.006461 0.025226
0 0.525165 0.639687 0.007754 0.034928
0 0.525165 0.728948 0.005169 0.031047
0 0.525165 0.816268 0.005169 0.034928
0 0.525165 0.901648 0.007754 0.034928
0 0.426677 0.499877 0.017097 0.999076
0 0.445911 0.499877 0.021371 0.999076
0 0.516434 0.499877 0.019946 0.999076
0 0.535668 0.499877 0.018521 0.999076
0 0.480897 0.499113 0.037476 0.993511
