0 0.529279 0.066952 0.002290 0.030370
0 0.439792 0.075833 0.001908 0.029797
0 0.438647 0.161213 0.001908 0.028651
0 0.528134 0.151759 0.002290 0.029224
0 0.526799 0.235706 0.001908 0.029797
0 0.437502 0.246307 0.001908 0.029224
0 0.525654 0.322805 0.001908 0.029797
0 0.436357 0.333120 0.001908 0.027505
0 0.524891 0.408472 0.001908 0.030370
0 0.435213 0.419932 0.001908 0.028078
0 0.524127 0.495571 0.001908 0.031516
0 0.433877 0.506745 0.001526 0.028651
0 0.432732 0.594704 0.002290 0.028078
0 0.522983 0.583243 0.001908 0.032662
0 0.522219 0.670056 0.002671 0.032089
0 0.431778 0.682662 0.002671 0.029797
0 0.520884 0.757442 0.002290 0.030370
0 0.430824 0.769475 0.002290 0.028078
0 0.520311 0.845114 0.002671 0.029224
0 0.430061 0.856288 0.001526 0.027505
0 0.519166 0.929348 0.002671 0.030370
0 0.428916 0.941668 0.003053 0.027505
0 0.419514 -0.001524 0.406592 0.997809 0.428560 0.997809 0.432437 0.667932 0.433729 0.468066 0.437606 0.330294 0.437606 0.206105 0.438898 0.132368 0.438898 0.039226 0.440191 0.000417
0 0.438898 0.000417 0.467328 0.000417 0.453113 1.001690 0.425976 0.999750 0.429853 0.770776 0.432437 0.586433 0.436314 0.367162 0.436314 0.244914 0.438898 0.111023
0 0.504804 0.000417 0.495758 0.997809 0.520311 1.001690 0.522895 0.528220 0.524188 0.382686 0.524188 0.262378 0.525480 0.190581 0.529357 0.105201 0.528064 0.029524 0.529357 -0.003464
0 0.530649 0.000417 0.548741 0.000417 0.542279 0.997809 0.519019 0.999750 0.520311 0.863918 0.521603 0.712563 0.524188 0.567029 0.524188 0.328353 0.526772 0.194462 0.528064 0.095499
0 0.466036 0.000417 0.504804 -0.001524 0.493173 0.999750 0.454406 0.999750
