0 0.544095 0.047913 0.003534 0.033167
0 0.454418 0.052225 0.001767 0.031177
0 0.541666 0.131162 0.002209 0.031177
0 0.539236 0.215739 0.002651 0.031840
0 0.536364 0.299983 0.003976 0.033167
0 0.533714 0.386881 0.003092 0.034494
0 0.531063 0.475106 0.002209 0.030514
0 0.440724 0.480081 0.003534 0.037811
0 0.437189 0.566315 0.002651 0.033831
0 0.434760 0.652218 0.002209 0.026534
0 0.431667 0.742433 0.003092 0.030514
0 0.524879 0.648902 0.003092 0.029187
0 0.522449 0.735468 0.005301 0.029850
0 0.519798 0.822698 0.002651 0.033167
0 0.516264 0.905616 0.003534 0.033167
0 0.429238 0.828004 0.002651 0.031840
0 0.427029 0.913907 0.003534 0.031177
0 0.424378 0.991850 0.003534 0.017247
0 0.435022 0.000417 0.401423 0.999750 0.424684 0.999750 0.455698 0.000417
0 0.454406 -0.001524 0.477666 -0.001524 0.446652 1.003630 0.420807 1.003630 0.424684 0.991988 0.435022 0.671813
0 0.521603 0.000417 0.489297 0.999750 0.512557 1.001690 0.519019 0.805704 0.524188 0.633004 0.531941 0.448661 0.537110 0.254616 0.542279 0.105201 0.546156 -0.003464
0 0.542279 -0.001524 0.565540 0.000417 0.534526 1.001690 0.511265 0.999750 0.522895 0.669873 0.533234 0.409852 0.540987 0.122665
0 0.480251 0.004298 0.519019 0.000417 0.489297 1.003630 0.450529 0.999750
