0 0.439874 0.042998 0.007754 0.029107
0 0.439228 0.123527 0.006461 0.038809
0 0.438582 0.210847 0.007754 0.027166
0 0.437936 0.294287 0.009046 0.042690
0 0.437289 0.380637 0.007754 0.032988
0 0.436643 0.465046 0.009046 0.034928
0 0.436643 0.553337 0.009046 0.032988
0 0.435351 0.638717 0.009046 0.032988
0 0.435351 0.727978 0.006461 0.032988
0 0.435351 0.811417 0.009046 0.036869
0 0.435351 0.899708 0.009046 0.034928
0 0.435351 0.981206 0.006461 0.027166
0 0.525811 0.978296 0.006461 0.029107
0 0.525811 0.717305 0.006461 0.031047
0 0.525811 0.632895 0.006461 0.036869
0 0.525811 0.545575 0.006461 0.032988
0 0.526457 0.371905 0.007754 0.038809
0 0.527749 0.285554 0.007754 0.029107
0 0.527749 0.202115 0.010338 0.029107
0 0.527749 0.121586 0.005169 0.031047
0 0.528395 0.036206 0.009046 0.031047
0 0.527103 0.459225 0.009046 0.034928
0 0.427914 0.499113 0.016799 1.001273
0 0.446652 0.499113 0.020676 1.001273
0 0.515142 0.500083 0.018092 0.995452
0 0.534526 0.499113 0.018092 0.997392
0 0.480251 0.500083 0.038768 0.999333
