0 0.540547 0.055295 0.002651 0.032504
0 0.538780 0.138876 0.002651 0.031177
0 0.537013 0.224116 0.003534 0.029187
0 0.450870 0.062923 0.002651 0.033167
0 0.448661 0.143851 0.002651 0.027860
0 0.534804 0.310350 0.002651 0.033167
0 0.532816 0.396253 0.003976 0.031177
0 0.530608 0.484478 0.002209 0.033831
0 0.529061 0.570049 0.002651 0.029850
0 0.437175 0.577678 0.002651 0.035821
0 0.435850 0.664576 0.003534 0.031840
0 0.523981 0.744509 0.003092 0.032504
0 0.433200 0.752469 0.002651 0.031177
0 0.521551 0.831738 0.002651 0.033167
0 0.518901 0.916314 0.003534 0.031177
0 0.431212 0.838040 0.004859 0.031177
0 0.429666 0.922616 0.002651 0.030514
0 0.517134 0.991936 0.002651 0.016584
0 0.427678 0.996579 0.003092 0.008623
0 0.432437 0.002357 0.406592 0.999750 0.428560 1.003630 0.453113 0.004298
0 0.450529 0.002357 0.475082 0.002357 0.450529 1.001690 0.427268 1.005571
0 0.516434 0.000417 0.493173 0.991988 0.517726 1.003630 0.539695 0.124606 0.540987 0.033405 0.540987 0.000417
0 0.539695 0.002357 0.561663 0.002357 0.538403 0.999750 0.516434 1.001690
0 0.476374 0.002357 0.516434 0.000417 0.491881 0.997809 0.453113 0.999750
