0 0.442459 0.002249 0.005169 0.013583
0 0.441812 0.069194 0.011631 0.042690
0 0.441166 0.155544 0.007754 0.040749
0 0.439228 0.238984 0.011631 0.036869
0 0.438582 0.326304 0.010338 0.032988
0 0.438582 0.412654 0.010338 0.034928
0 0.437936 0.498034 0.009046 0.038809
0 0.435997 0.582444 0.010338 0.040749
0 0.436643 0.671704 0.009046 0.044630
0 0.435997 0.759025 0.010338 0.040749
0 0.435997 0.844405 0.007754 0.044630
0 0.435997 0.934636 0.010338 0.034928
0 0.525811 0.922023 0.009046 0.040749
0 0.527103 0.832762 0.009046 0.040749
0 0.526457 0.663943 0.007754 0.032988
0 0.527103 0.575652 0.009046 0.034928
0 0.527103 0.489302 0.009046 0.040749
0 0.527749 0.403922 0.007754 0.032988
0 0.528395 0.307870 0.006461 0.031047
0 0.528395 0.229281 0.009046 0.036869
0 0.528395 0.144872 0.009046 0.034928
0 0.530334 0.066283 0.007754 0.040749
0 0.525165 0.993819 0.007754 0.013583
0 0.422099 0.000417 0.414345 0.716444 0.414345 0.997809 0.436314 0.995869 0.435022 0.782419 0.436314 0.691218 0.435022 0.563148 0.437606 0.483589 0.437606 0.394329 0.438898 0.308949 0.437606 0.217747 0.441483 0.136248 0.441483 0.041166 0.441483 -0.001524
0 0.442775 -0.001524 0.464744 0.002357 0.459575 0.454483 0.459575 0.669873 0.458282 0.830930 0.458282 0.960940 0.458282 0.997809 0.437606 0.997809 0.435022 0.832871 0.435022 0.739729 0.436314 0.629123 0.436314 0.485530 0.437606 0.400150 0.437606 0.316710 0.438898 0.209986 0.440191 0.130427 0.442775 0.041166
0 0.508681 -0.001524 0.502219 0.995869 0.525480 0.999750 0.526772 0.559267 0.526772 0.473887 0.528064 0.388507 0.526772 0.293425 0.528064 0.213867 0.529357 0.128487 0.529357 0.048928 0.529357 0.000417
0 0.530649 0.000417 0.550033 0.000417 0.548741 0.411793 0.548741 0.613600 0.547448 0.710622 0.547448 0.821228 0.547448 0.902727 0.548741 0.997809 0.525480 0.999750 0.525480 0.904667 0.526772 0.813466 0.526772 0.650468 0.526772 0.557327 0.526772 0.390448 0.526772 0.293425 0.528064 0.209986 0.528064 0.130427
0 0.482189 0.498143 0.032307 0.995452
