0 0.446261 0.062015 0.002104 0.029061
0 0.534823 0.056013 0.003366 0.030956
0 0.533772 0.138458 0.004628 0.034115
0 0.444999 0.146670 0.004628 0.031588
0 0.443947 0.230062 0.004207 0.029061
0 0.442475 0.315981 0.003787 0.029061
0 0.531668 0.307136 0.003787 0.029061
0 0.532720 0.224376 0.003366 0.034115
0 0.530826 0.394003 0.002104 0.033483
0 0.441423 0.401584 0.003366 0.030956
0 0.439950 0.487818 0.004628 0.032851
0 0.438478 0.574685 0.003366 0.029693
0 0.437636 0.661867 0.004207 0.032220
0 0.528092 0.653970 0.004207 0.030324
0 0.528512 0.567104 0.004207 0.033483
0 0.529985 0.479921 0.002104 0.033483
0 0.526619 0.739257 0.002104 0.032851
0 0.525147 0.826755 0.003366 0.032220
0 0.523885 0.912990 0.004207 0.034115
0 0.523253 0.990380 0.002945 0.019584
0 0.433429 0.993538 0.004207 0.013267
0 0.424684 -0.001524 0.413053 0.999750 0.433729 0.999750 0.440191 0.444780 0.445360 0.118784 0.446652 0.000417
0 0.445360 -0.001524 0.469913 -0.001524 0.456990 0.997809 0.433729 0.997809
0 0.513850 0.002357 0.497050 0.995869 0.524188 0.997809 0.531941 0.308949 0.534526 0.031464 0.534526 0.000417
0 0.535818 0.002357 0.553910 0.002357 0.544864 0.999750 0.522895 0.999750 0.533234 0.184760
0 0.472497 0.002357 0.511265 0.002357 0.499635 1.001690 0.459575 1.001690 0.469913 0.239092
