0 0.545029 0.007827 0.003053 0.015472
0 0.542548 0.083179 0.002671 0.033235
0 0.540258 0.166840 0.003434 0.029797
0 0.537587 0.252220 0.004198 0.030943
0 0.534916 0.338173 0.002671 0.033235
0 0.532435 0.423840 0.003053 0.031516
0 0.526139 0.599184 0.002671 0.031516
0 0.523468 0.684278 0.003434 0.030943
0 0.435889 0.603482 0.003816 0.025213
0 0.433026 0.690867 0.003434 0.030370
0 0.438560 0.516956 0.003816 0.029797
0 0.441231 0.428710 0.002290 0.036673
0 0.520606 0.771950 0.002290 0.033235
0 0.430928 0.778540 0.002290 0.031516
0 0.427875 0.864493 0.002290 0.031516
0 0.425394 0.949586 0.002671 0.029797
0 0.514500 0.942997 0.002290 0.029224
0 0.456114 0.008973 0.002290 0.017764
0 0.453252 0.086044 0.002671 0.028651
0 0.431145 0.002357 0.404007 1.005571 0.427268 0.999750 0.436314 0.590314 0.444067 0.336115 0.454406 0.045047 0.456990 0.002357
0 0.454406 0.000417 0.481543 0.002357 0.449236 0.997809 0.425976 0.997809 0.441483 0.433138 0.453113 0.041166
0 0.517726 -0.001524 0.544864 0.000417 0.522895 0.753312 0.517726 0.902727 0.513850 0.997809 0.486712 0.999750
0 0.544864 0.002357 0.565540 0.002357 0.535818 1.005571 0.511265 1.001690 0.529357 0.475828 0.538403 0.223569 0.540987 0.078035
0 0.481543 0.004298 0.519019 0.002357 0.489297 0.999750 0.450529 1.001690
