0 0.443105 0.011842 0.009046 0.031047
0 0.443105 0.091401 0.009046 0.038809
0 0.441812 0.174840 0.009046 0.031047
0 0.440520 0.258279 0.009046 0.038809
0 0.439874 0.342689 0.010338 0.036869
0 0.440520 0.428069 0.009046 0.036869
0 0.439228 0.518300 0.011631 0.038809
0 0.438582 0.604650 0.007754 0.036869
0 0.437936 0.691970 0.009046 0.036869
0 0.436643 0.778320 0.009046 0.038809
0 0.436643 0.858849 0.009046 0.044630
0 0.525811 0.857879 0.006461 0.034928
0 0.526457 0.943259 0.007754 0.034928
0 0.527103 0.769588 0.006461 0.036869
0 0.527103 0.682268 0.009046 0.040749
0 0.527103 0.596888 0.011631 0.036869
0 0.529042 0.424188 0.010338 0.032988
0 0.529042 0.334927 0.010338 0.036869
0 0.530334 0.251488 0.010338 0.032988
0 0.530334 0.167078 0.010338 0.034928
0 0.529042 0.073936 0.010338 0.023285
0 0.531626 0.007961 0.010338 0.023285
0 0.422099 0.000417 0.415638 0.993928 0.438898 0.993928 0.438898 0.499113 0.440191 0.415674 0.441483 0.159534 0.444067 -0.005404
0 0.442775 0.002357 0.466036 0.002357 0.459575 1.005571 0.437606 0.999750
0 0.507388 0.002357 0.500927 0.997809 0.528064 0.997809 0.529357 0.066392 0.530649 -0.005404
0 0.530649 0.000417 0.551325 0.000417 0.548741 0.999750 0.531941 0.999750 0.526772 0.999750
0 0.468620 0.002357 0.502219 0.002357 0.499635 0.999750 0.463451 0.999750
