0 0.444714 0.007208 0.006461 0.021345
0 0.443421 0.081916 0.006461 0.034928
0 0.442775 0.166325 0.007754 0.029107
0 0.442775 0.249765 0.005169 0.036869
0 0.440191 0.335145 0.007754 0.032988
0 0.439545 0.418584 0.006461 0.032988
0 0.438898 0.507845 0.007754 0.032988
0 0.438252 0.594195 0.006461 0.034928
0 0.436960 0.682486 0.006461 0.040749
0 0.435668 0.768836 0.006461 0.034928
0 0.525480 0.847424 0.007754 0.036869
0 0.523542 0.931834 0.006461 0.034928
0 0.435668 0.852275 0.006461 0.034928
0 0.527418 0.674724 0.006461 0.032988
0 0.526772 0.759133 0.007754 0.031047
0 0.527418 0.587404 0.009046 0.032988
0 0.528064 0.500083 0.007754 0.040749
0 0.530003 0.328353 0.006461 0.034928
0 0.530649 0.240063 0.005169 0.036869
0 0.531941 0.154683 0.007754 0.036869
0 0.533880 0.077065 0.009046 0.032988
0 0.423391 0.000417 0.413053 0.997809 0.437606 0.997809 0.444067 -0.001524
0 0.445360 -0.001524 0.466036 0.000417 0.455698 0.999750 0.436314 1.001690 0.441483 0.231331
0 0.509973 0.000417 0.502219 0.999750 0.524188 0.997809 0.533234 0.000417
0 0.533234 0.002357 0.552617 0.002357 0.546156 1.001690 0.522895 0.999750
0 0.456990 0.999750 0.467328 0.004298 0.507388 -0.001524 0.500927 0.997809
