0 0.443630 0.007381 0.004144 0.016890
0 0.442446 0.082052 0.004144 0.031113
0 0.441558 0.167390 0.004736 0.032891
0 0.440966 0.250507 0.003552 0.033780
0 0.439782 0.336290 0.003552 0.032891
0 0.530358 0.328734 0.004736 0.035558
0 0.530358 0.241617 0.004736 0.032002
0 0.530654 0.155834 0.002960 0.029335
0 0.531838 0.073162 0.004144 0.034669
0 0.529766 0.416295 0.005920 0.032891
0 0.529174 0.500744 0.003552 0.032891
0 0.528582 0.588305 0.003552 0.033780
0 0.527990 0.676310 0.003552 0.033780
0 0.527990 0.761205 0.003552 0.031113
0 0.436822 0.772316 0.002368 0.037336
0 0.436526 0.858544 0.002960 0.033780
0 0.526214 0.931882 0.003552 0.034669
0 0.436230 0.942993 0.003552 0.030224
0 0.422099 0.002357 0.414345 1.001690 0.436314 0.999750 0.444067 -0.003464
0 0.446652 -0.003464 0.464744 -0.001524 0.459575 0.999750 0.435022 1.001690
0 0.507388 0.006238 0.503511 0.997809 0.526772 0.999750 0.530649 0.000417
0 0.531941 0.004298 0.555202 0.004298 0.548741 0.999750 0.526772 1.003630 0.529357 0.363281
0 0.466036 0.004298 0.507388 0.002357 0.502219 0.993928 0.460867 0.999750
