0 0.531375 0.012827 0.002907 0.025650
0 0.530467 0.093322 0.003271 0.031653
0 0.441425 0.102327 0.002544 0.032198
0 0.439789 0.187189 0.002907 0.030561
0 0.529377 0.263319 0.003271 0.031107
0 0.439244 0.272050 0.003998 0.026741
0 0.527923 0.350636 0.002544 0.033290
0 0.437972 0.361824 0.002907 0.029470
0 0.436700 0.447777 0.002544 0.032198
0 0.527196 0.437681 0.002544 0.028378
0 0.526106 0.524179 0.003271 0.031107
0 0.436155 0.534821 0.002181 0.029470
0 0.525197 0.610405 0.002181 0.031107
0 0.435610 0.622412 0.002544 0.031107
0 0.524652 0.697723 0.001817 0.031107
0 0.434520 0.709729 0.002544 0.030015
0 0.523925 0.785040 0.001817 0.032198
0 0.433793 0.797046 0.002544 0.028924
0 0.433248 0.883818 0.002907 0.030015
0 0.523016 0.872085 0.002907 0.031653
0 0.521926 0.956947 0.002907 0.032198
0 0.432884 0.968407 0.002907 0.028924
0 0.422099 0.002357 0.410469 0.997809 0.432437 0.999750 0.437606 0.407912 0.440191 0.237152 0.440191 0.145951 0.442775 0.033405 0.442775 0.002357
0 0.441483 0.000417 0.464744 0.000417 0.455698 0.999750 0.433729 0.999750 0.437606 0.384626 0.440191 0.132368
0 0.507388 0.004298 0.497050 0.999750 0.525480 0.999750 0.525480 0.563148 0.528064 0.310889 0.529357 0.202224 0.530649 0.062511 0.531941 0.000417
0 0.531941 -0.001524 0.553910 -0.001524 0.544864 1.001690 0.525480 1.001690 0.528064 0.530160 0.530649 0.229390
0 0.466036 0.000417 0.507388 0.000417 0.499635 0.999750 0.459575 1.003630
