0 0.527152 0.057747 0.002404 0.030084
0 0.438199 0.067976 0.001603 0.028880
0 0.526351 0.141680 0.002404 0.031889
0 0.437398 0.152510 0.002404 0.029482
0 0.436196 0.237647 0.002404 0.031287
0 0.525149 0.226817 0.003206 0.030084
0 0.435181 0.323988 0.001908 0.030370
0 0.525050 0.312814 0.002290 0.029797
0 0.434418 0.411661 0.002671 0.026932
0 0.524477 0.399914 0.002671 0.029797
0 0.523523 0.485867 0.001526 0.032089
0 0.433845 0.498187 0.002290 0.028078
0 0.523332 0.573252 0.002671 0.030370
0 0.432891 0.584999 0.002671 0.032089
0 0.432510 0.672671 0.001908 0.028651
0 0.522378 0.660925 0.002290 0.030370
0 0.521997 0.748024 0.002290 0.033808
0 0.431746 0.760630 0.001908 0.029224
0 0.521424 0.834836 0.001908 0.030943
0 0.431365 0.847156 0.001908 0.028078
0 0.430792 0.932536 0.003053 0.028078
0 0.520089 0.993563 0.002290 0.011460
0 0.415638 0.002357 0.409176 0.999750 0.431145 0.999750 0.431145 0.918251 0.431145 0.832871 0.428560 0.745550 0.432437 0.664051 0.432437 0.565088 0.432437 0.487470 0.433729 0.404031 0.436314 0.303127 0.437606 0.188641 0.436314 0.118784 0.437606 0.037285 0.438898 0.004298
0 0.437606 0.000417 0.460867 0.000417 0.454406 1.001690 0.435022 1.001690 0.429853 1.001690 0.429853 0.863918 0.432437 0.648528 0.432437 0.510756 0.435022 0.312830 0.436314 0.182819 0.437606 0.103261
0 0.503511 0.006238 0.494466 0.999750 0.520311 0.999750 0.524188 0.516577 0.525480 0.330294 0.524188 0.184760 0.524188 0.103261 0.526772 0.002357
0 0.525480 0.004298 0.551325 0.000417 0.542279 1.003630 0.521603 0.999750 0.521603 0.792121 0.522895 0.565088 0.525480 0.382686 0.524188 0.215807 0.525480 0.091618
0 0.463451 0.004298 0.503511 0.002357 0.494466 0.999750 0.454406 1.001690
