0 0.527266 0.012384 0.001627 0.026063
0 0.438583 0.021751 0.001627 0.026063
0 0.526452 0.095256 0.001627 0.028099
0 0.437634 0.105845 0.001356 0.026470
0 0.436549 0.189735 0.001898 0.028099
0 0.525639 0.178740 0.001085 0.027285
0 0.435600 0.275051 0.001627 0.027692
0 0.525232 0.264055 0.001356 0.029321
0 0.434650 0.362810 0.001898 0.028099
0 0.524554 0.350186 0.001627 0.030543
0 0.433972 0.449958 0.002170 0.028914
0 0.523876 0.437741 0.001356 0.030543
0 0.433023 0.537310 0.001356 0.028506
0 0.523605 0.525297 0.001356 0.030543
0 0.522791 0.611834 0.002441 0.030950
0 0.432481 0.624866 0.002441 0.027692
0 0.521978 0.698983 0.001898 0.030950
0 0.431938 0.712625 0.002441 0.029728
0 0.521435 0.785927 0.001898 0.030543
0 0.431396 0.799162 0.001898 0.028506
0 0.430718 0.885089 0.001627 0.027692
0 0.430311 0.971016 0.001898 0.027692
0 0.416930 0.004298 0.406592 0.995869 0.428560 0.997809 0.431145 0.858097 0.432437 0.747491 0.431145 0.586433 0.431145 0.510756 0.433729 0.429257 0.432437 0.326413 0.436314 0.248795 0.435022 0.167296 0.438898 0.078035 0.438898 0.000417
0 0.437606 0.002357 0.459575 0.002357 0.451821 0.997809 0.428560 0.997809 0.429853 0.514637 0.433729 0.237152 0.436314 0.111023
0 0.506096 0.006238 0.494466 0.995869 0.517726 0.999750 0.522895 0.735848 0.521603 0.557327 0.524188 0.396269 0.525480 0.287604 0.524188 0.186700 0.526772 0.070273 0.526772 0.002357
0 0.525480 0.000417 0.546156 0.000417 0.542279 0.995869 0.515142 0.997809 0.522895 0.667932 0.524188 0.402090 0.525480 0.206105
0 0.462159 -0.001524 0.504804 0.000417 0.497050 0.993928 0.455698 0.997809
