0 0.438338 0.012355 0.001627 0.025249
0 0.437524 0.094617 0.001627 0.027692
0 0.436439 0.180136 0.001085 0.028506
0 0.526343 0.083825 0.002441 0.028914
0 0.525529 0.167919 0.001898 0.030135
0 0.526885 0.007469 0.001356 0.014660
0 0.435490 0.265045 0.001356 0.028914
0 0.525122 0.253439 0.001627 0.030135
0 0.524580 0.339772 0.001627 0.030950
0 0.434812 0.351582 0.002170 0.029321
0 0.433863 0.438934 0.001898 0.028914
0 0.433049 0.525675 0.001898 0.028099
0 0.523495 0.513255 0.001627 0.030135
0 0.524038 0.426106 0.002170 0.030950
0 0.522817 0.600199 0.001898 0.031357
0 0.432371 0.613231 0.001627 0.029728
0 0.431965 0.700990 0.001898 0.029321
0 0.522275 0.687959 0.001898 0.030135
0 0.431558 0.788138 0.002170 0.029321
0 0.431015 0.874269 0.001627 0.028914
0 0.430473 0.959788 0.002170 0.028914
0 0.415638 -0.001524 0.406592 0.999750 0.432437 1.003630 0.432437 0.530160 0.435022 0.407912 0.436314 0.274021 0.436314 0.120725 0.437606 0.004298
0 0.441483 0.000417 0.460867 0.000417 0.453113 0.906608 0.454406 0.997809 0.431145 0.997809 0.432437 0.698979 0.433729 0.440899 0.435022 0.227450
0 0.503511 0.000417 0.495758 0.997809 0.517726 0.997809 0.522895 0.586433 0.524188 0.411793 0.524188 0.254616 0.528064 0.140129 0.524188 0.056690 0.529357 0.006238
0 0.526772 0.010119 0.548741 0.000417 0.543572 0.559267 0.543572 0.726146 0.543572 0.846454 0.543572 0.904667 0.543572 0.997809 0.516434 0.997809 0.517726 0.801823 0.517726 0.675694 0.521603 0.528220 0.524188 0.349698 0.526772 0.235212 0.526772 0.116844
0 0.462159 0.000417 0.502219 0.000417 0.494466 0.993928 0.455698 1.001690
